function [F,V,f,FL,VL,fL] = Values_of_FVf(g1,go,h,ho)
A= (g1/go)-1;
C = 43.68*(h/ho)^4;
C1 = 1/3+A/12;
C2 = 5/42+17*A/336;
C3 = 1/210+A/360;
C4 = 11/360 + 59*A/5040 + (1+3*A)/C;
C5 = 1/90 + 5*A/1008-(1 + A)^3/C;
C6 = 1/120 + 17*A/5040 + 1/C;
C7 = 215/2772 + 51*A/1232 + (60/7 + 225*A/14 + 75*A^2/7 + 5*A^3/2)/C;
C8 = 31/6930 + 128*A/45045 + (6/7 + 15*A/7 + 12*A^2/7 + 5*A^3/11)/C;
C9 = 533/30240 + 653*A/73920 + (1/2 + 33*A/14 + 39*A^2/28 + 25*A^3/84)/C;
C10 = 29/3780 + 3*A/704-(1/2 + 33*A/14 + 81*A^2/28 + 13*A^3/12)/C;
C11 = 31/6048 + 1763*A/665280 + (1/2 + 6*A/7 + 15*A^2/28 + 5*A^3/42)/C;
C12 = 1/2925 + 71*A/300300 + (8/35 + 18*A/35 + 156*A^2/385 + 6*A^3/55)/C;
C13 = 761/831600 + 937*A/1663200 + (1/35 + 6*A/35 + 11*A^2/70 + 3*A^3/70)/C;
C14 = 197/415800 + 103*A/332640 - (1/35 + 6*A/35 + 17*A^2/70 + A^3/10)/C;
 C15 = 233/831600 + 97*A/554400 + (1/35 + 3*A/35 + A^2/14 + 2*A^3/105)/C;
 C16 = C1*C7*C12 + C2*C8*C3 + C3*C8*C2 - (C3^2*C7 + C8^2*C1 + C2^2*C12);
C17 = (C4*C7*C12 + C2*C8*C13 + C3*C8*C9-(C13*C7*C3 + C8^2*C4+C12*C2*C9))/C16;
C18 = (C5*C7*C12 + C2*C8*C14 +C3*C8*C10 - (C14*C7*C3 + C8^2*C5 + C12*C2*C10))/C16;
C19 = [C6*C7*C12 + C2*C8*C15 + C3*C8*C11 - (C15*C7*C3 + C8^2*C6+ C12*C2*C11)]/C16;
C20 = [C1*C9*C12 + C4*C8*C3 + C3*C13*C2 - (C3^2*C9 + C13*C8*C1+ C12*C4*C2)]/C16;
C21  = [C1*C10*C12 + C5*C8*C3 + C3*C14*C2 - (C3^2*C10+ C14*C8*C1 + C12*C5*C2)]/C16;
C22 = [C1*C11*C12 + C6*C8*C3 + C3*C15*C2 - (C3^2*C11 + C15*C8*C1 + C12*C6*C2)]/C16;
C23 = [C1*C7*C13 + C2*C9*C3 + C4*C8*C2 - (C3*C7*C4 + C8*C9*C1 + C2^2*C13)]/C16;
C24 = [C1*C7*C14 + C2*C10*C3 + C5*C8*C2 - (C3*C7*C5 + C8*C10*C1 + C2^2*C14)]/C16;
C25 = [C1*C7*C15 + C2*C11*C3 + C6*C8*C2 - (C3*C7*C6 + C8*C11*C1 + C2^2*C15)]/C16;
C26 = -(C/4)^(1/4);
C27 = C20 - C17 - 5/12 + C17*C26;
C28 = C22 - C19 - 1/12 + C19*C26;
C29 = - (C/4)^0.5;
C30 = - (C/4)^(3/4);
C31 = 3*A/2 - C17*C30;
C32 = 1/2 - C19*C30;
C33 = 0.5*C26*C32 + C28*C31*C29 - (0.5*C30*C28 + C32*C27*C29);
C34 = 1/12 + C18 - C21 -C18*C26;
C35 = - C18*(C/4)^(3/4);
C36 = (C28*C35*C29 - C32*C34*C29)/C33;
C37 = (0.5*C26*C35 + C34*C31*C29- (0.5*C30*C34 + C35*C27*C29))/C33;
E1 = C17*C36 + C18 + C19*C37;
E2 = C20*C36 + C21 + C22*C37;
E3 = C23*C36 + C24 + C25*C37;
E4 = 1/4 + C37/12 + C36/4 - E3/5 - 3*E2/2 - E1;
E5 = E1*(1/2 + A/6) + E2*(1/4 + 11*A/84) + E3*(1/70 + A/105);
E6 = E5 - C36*(7/120 + A/36 + 3*A/C) - 1/40 - A/72 - C37*(1/60 + A/120 + 1/C);
F=-E6/((C/2.73)^.25*(1+A)^3/C);
V=E4/(((2.73/C)^0.25)*(1+A)^3);
f=C36/(1+A);
FL=-(C18*(1/2+A/6)+C21*(1/4+11*A/84)+C24*(1/70+A/105)-(1/40+A/72))/((C/2.73)^0.25*((1+A)^3/C))
VL=(1/4-C24/5-3*C21/2-C18)/((2.73/C)^0.25*(1+A)^3)
fL=1

